4012093
1072150
508961
302346
201199
142827
107218
83390
67158
55302
46126
39498
33835
29695
26330
23584
20812
19172
17042
15854
14325
13263
12271
11368
10465
9958
9310
8772
8329
7778
7270
6947
6694
6416
6063
5864
5549
5251
4994
4736
4514
4440
4280
4129
3981
3812
3740
3606
3417
3213
3208
3201
3091
2885
2808
2836
2700
2689
2493
2525
2471
2360
2304
2327
2213
2254
2118
2130
1924
1994
1988
1887
1895
1785
1818
1811
1669
1675
1676
1560
1586
1588
1508
1561
1454
1473
1459
1435
1344
1440
1366
1303
1277
1280
1254
1221
1264
1235
1228
1181
1168
1210
1160
1112
1110
1084
1121
1042
1090
956
1030
1024
952
1018
1013
911
963
913
906
848
883
881
877
857
866
850
834
888
828
797
797
797
784
758
774
758
696
745
703
689
753
735
705
736
661
736
621
668
676
665
658
681
646
637
632
674
595
634
583
595
613
608
590
549
588
614
556
545
564
570
538
542
551
571
505
532
552
492
480
520
503
528
527
489
491
466
484
450
474
474
495
474
433
469
465
433
433
428
450
428
456
441
411
447
406
433
391
439
455
429
400
400
406
364
400
399
371
392
344
379
373
362
359
391
367
386
378
349
376
375
344
384
378
329
349
398
352
350
343
364
344
338
340
326
333
317
289
338
305
309
335
312
324
318
323
300
318
331
299
311
311
298
301
312
308
296
317
305
228
271
286
275
281
301
258
271
306
252
277
282
293
268
248
278
265
272
282
239
260
263
248
282
278
287
247
230
256
232
261
231
258
256
249
243
252
265
241
279
233
225
234
258
227
222
272
229
217
213
230
203
214
222
212
216
207
233
191
220
233
216
221
241
215
216
210
224
223
201
221
204
224
210
189
209
200
200
187
219
192
169
194
200
216
232
203
186
173
187
184
188
189
182
192
183
161
181
182
188
178
188
151
202
166
170
164
168
168
170
176
179
161
182
194
167
184
186
200
189
168
169
145
166
162
158
155
147
186
179
154
166
154
146
174
135
173
133
156
164
175
152
172
168
140
156
161
156
180
141
180
153
139
149
132
167
156
142
165
147
153
132
144
127
137
132
156
159
156
129
144
153
126
129
138
143
140
137
128
121
126
139
119
141
133
120
129
124
128
121
125
130
130
122
156
127
140
133
134
142
119
109
129
130
110
120
122
132
148
125
100
124
104
127
140
117
137
129
128
121
125
111
124
122
117
103
122
125
112
100
98
139
123
111
120
116
95
125
115
116
106
123
137
120
107
129
120
111
105
126
113
111
97
113
101
127
97
120
113
100
111
98
107
103
106
109
93
131
119
109
106
105
126
97
103
99
79
114
106
95
107
98
97
88
103
98
93
103
84
86
100
98
106
102
87
104
97
97
101
109
82
86
107
92
97
99
94
100
89
97
101
89
117
96
101
93
77
94
93
84
90
97
91
95
106
89
74
100
75
81
93
79
95
80
86
82
91
92
104
90
87
83
88
98
78
80
80
82
88
78
80
77
86
75
80
82
67
86
94
90
78
89
88
91
74
73
89
68
83
70
77
70
74
93
102
83
68
85
73
69
86
71
71
83
75
72
74
75
67
93
78
79
89
89
76
80
83
77
71
83
58
72
79
55
58
53
70
71
76
72
64
66
61
60
65
70
62
82
72
83
74
64
57
80
81
82
68
55
71
72
79
53
62
61
65
57
83
78
63
68
67
63
72
51
64
66
61
62
57
58
60
80
51
69
66
65
57
53
70
41
65
44
68
59
71
53
62
71
76
59
78
55
62
70
53
63
56
55
51
69
62
60
56
52
49
53
64
75
62
60
57
65
59
73
69
61
69
67
63
58
68
66
61
51
48
65
61
65
61
56
62
46
50
55
68
53
68
60
48
69
53
58
55
59
52
64
49
38
41
63
69
58
42
67
44
51
55
71
48
63
45
49
49
42
53
65
50
48
57
56
65
49
55
69
45
55
57
46
72
48
63
62
68
49
50
67
55
50
39
70
52
50
47
56
59
48
72
52
56
55
47
44
36
64
58
59
43
53
47
57
47
45
51
48
42
49
45
46
44
50
44
49
43
47
44
55
43
55
41
61
56
57
40
45
45
52
40
50
40
43
45
57
51
40
50
49
33
47
55
46
48
57
50
52
50
40
53
42
53
38
50
53
47
51
44
41
49
54
52
42
36
49
43
44
42
37
46
52
43
50
40
39
46
47
39
42
40
43
52
43
44
33
44
32
37
46
45
47
43
45
38
40
44
45
37
41
49
46
57
37
39
42
49
39
54
42
46
41
42
42
38
40
33
44
43
35
34
36
34
35
38
41
37
40
40
27
43
51
38
40
29
26
35
41
29
30
33
51
40
32
35
39
48
38
43
31
33
34
55
31
37
41
44
48
32
41
47
39
40
39
38
38
38
41
39
41
31
30
40
37
37
42
37
40
46
41
42
39
48
38
39
37
35
41
34
50
41
31
39
36
35
43
49
25
27
41
33
25
30
34
42
38
25
32
31
35
26
39
28
34
33
31
35
44
38
34
29
40
35
33
34
27
32
40
28
35
25
35
39
43
35
48
37
39
23
25
35
29
31
35
28
31
42
31
29
33
38
34
27
27
40
30
31
25
40
30
23
28
28
39
31
35
35
23
44
26
27
22
37
28
36
37
34
32
37
31
31
39
24
30
32
28
31
32
28
34
30
28
37
37
29
31
27
32
33
37
38
32
27
30
43
27
28
30
31
41
27
25
39
37
31
27
25
40
35
27
31
37
28
22
29
39
37
31
38
37
35
32
30
24
36
37
27
36
33
26
23
31
20
27
23
34
